.Random.seed <-
c(403L, 10L, -1818902465L, -817725498L, -1730698160L, -1499608973L, 
960679057L, 1894313152L, -468197730L, 2019324521L, 1946251931L, 
-1973731414L, -1277146164L, 364791439L, 1607259845L, -1606820228L, 
779662034L, -164383155L, -682026233L, -99197202L, 1891343304L, 
-2019578677L, 1476072745L, -1707805320L, -1192285530L, -15610687L, 
932326739L, -438605310L, -59935948L, -371400521L, -736163667L, 
336360900L, -1392851478L, -765322667L, -1880382481L, -2091269130L, 
505279776L, 1220221667L, -1220674687L, -1534337552L, -1160903538L, 
1996999673L, 468789643L, -152136262L, -88195908L, -3256321L, 
-1541198507L, 119131756L, 1293978306L, -790033123L, 1126892439L, 
-1761011970L, 2007286968L, 945157787L, -1994582791L, -1007049144L, 
-1350352522L, 870656177L, -932549405L, -1589797966L, -292027388L, 
-1856600249L, -1686790627L, 914568340L, -395635654L, 869658245L, 
-1975644321L, -1609150490L, -332815760L, 912999827L, -519368143L, 
620335328L, -1699575426L, -459674615L, -121586629L, 235831818L, 
694077932L, 2049740399L, -1962942043L, -449545892L, -805345998L, 
-497935315L, 1233302247L, 602437646L, 1644112360L, -1477022741L, 
575902857L, 669569048L, -818458810L, -1848439391L, -1572715469L, 
-1430632030L, 904801428L, -630469865L, -1600944883L, 2026861604L, 
921248778L, -327468683L, 2030067919L, 320869334L, 1736395648L, 
-70942781L, -1825703583L, 966938576L, 1497040686L, 2006227673L, 
943093995L, 271960410L, -687992036L, -842119649L, 1715936885L, 
-1305052404L, -647022878L, -92365891L, -1620214729L, 1949363934L, 
1624017432L, -1633495685L, -839725799L, -1288908376L, 1678714198L, 
18912721L, -530059901L, -139578350L, 1602797476L, -2087708825L, 
1075070141L, 1477391412L, -1622902886L, -595368987L, 1334566783L, 
788283142L, 779450512L, -1866624717L, 647628497L, -611855232L, 
1872876894L, -1356240215L, 642676059L, 138766186L, 1859825164L, 
-34527665L, -295785723L, -1878725700L, 1236434578L, 1374330253L, 
733793735L, 1970122414L, -820050168L, 1523176715L, -1335122967L, 
-1264790344L, 1659831142L, 1214490625L, -1003932013L, 1006242114L, 
-1389041932L, 550630135L, 2109940461L, -1822655100L, -581192790L, 
1689651477L, -1096383569L, 1394432950L, 5390816L, 1918853411L, 
-1241262527L, 1681971504L, -269456562L, -318443079L, -1214993461L, 
-704978822L, -1474330244L, -1864691265L, 1060744853L, 1551897772L, 
1493417602L, -17115555L, -2106934953L, -446127042L, -869357448L, 
1884386139L, 66301625L, -380001528L, -248325706L, -286333199L, 
-1015828189L, 1018504050L, -249198140L, -956108409L, 1524943709L, 
-124025516L, 1777723258L, 1689749189L, -234862561L, -412029018L, 
2076496176L, -607040557L, -1561030159L, -904169696L, 1292976574L, 
-1538117175L, -961387141L, -710847670L, 450565036L, -854967633L, 
1241663589L, -764729316L, 226027122L, 1893431533L, 37566759L, 
1534059854L, -713431640L, 602726827L, -2000233783L, 1484311256L, 
1248376710L, 128232033L, -296815629L, 708339298L, -1206861612L, 
982649303L, 1281735629L, -333607068L, 423893834L, -1607931211L, 
917985807L, -837862634L, 49534400L, -988540094L, 662338304L, 
-1981241412L, 956327760L, 21242658L, -1903340216L, -2127121908L, 
-1148348324L, 1352090834L, 1879548416L, -842230444L, -479919640L, 
1472654330L, 197087440L, 503311660L, 746504948L, -1184570990L, 
1156502624L, 1478348044L, 1221096160L, 1710870882L, 927316648L, 
-832855476L, 611776892L, 1441037618L, 401051760L, -147493052L, 
1537484248L, -525878150L, -1058374096L, -1373482308L, 1427908436L, 
-135674814L, 982302112L, 2109287100L, -665955888L, -718813854L, 
513511400L, -67682356L, -266881284L, 836393458L, 1176375424L, 
-1764004620L, 1689915016L, -1546076358L, -482108592L, 1003662956L, 
965970068L, 1319868754L, 2090686176L, 1192024780L, -196448L, 
-104084606L, 2115248872L, -868859156L, -1504629700L, -1258456462L, 
1065763952L, -1729495516L, 1430707256L, -1476802534L, -582108464L, 
-790455236L, -523410284L, -1762386814L, 498065344L, -1386991300L, 
-902415728L, -1339476958L, -408202232L, -62920564L, 313779228L, 
-1036353902L, -1369488256L, 77942804L, -1872241368L, -377774534L, 
1460178128L, -901045140L, 1095938740L, 164814866L, -576907296L, 
44931020L, 99667424L, 974521890L, -1271643864L, -592406260L, 
388621884L, -592072462L, 1259287280L, 724665156L, 129901144L, 
-1664218566L, -2018525456L, 2131686588L, 830658068L, 803518658L, 
-965867424L, 1909085564L, 1649759440L, -2033755102L, -64535896L, 
351463308L, -986762820L, 178672690L, -1246849216L, -1566201676L, 
1164065608L, 716577466L, 875599632L, -325680916L, 1043682388L, 
-992714990L, -803775584L, 1197391820L, 1427028832L, -504885054L, 
646358568L, 1305879980L, -1864081604L, -935131278L, 516545328L, 
1317372452L, 1268848696L, 963388634L, -1011422832L, -2024077572L, 
1591619476L, 836070210L, -1026629120L, 725809724L, 142048848L, 
27638434L, 1703009096L, 708534796L, 967060700L, 339335762L, -1114748800L, 
1210784596L, 266484200L, -1294759174L, 1622243152L, 979172396L, 
-1115523724L, 1367066258L, -735479200L, -716340596L, -1985873056L, 
-1505139998L, 1396261032L, 45842636L, -1553200644L, -1199517774L, 
-1944676880L, -1571666492L, -680304808L, 585886586L, 1160369584L, 
-955786820L, -1966823340L, -807064638L, -2126675168L, 1688403900L, 
-409417136L, -1745961502L, -1737420440L, -1654944436L, 5966076L, 
-710286606L, 502716160L, -1959393676L, 1123493896L, 798849466L, 
-1886119984L, 415046124L, 1550372756L, -1125338414L, 1460792928L, 
-2108619444L, -1402694368L, 635081346L, 1394485736L, -1215002644L, 
330855996L, -2074038670L, -410672272L, -479041244L, 429929016L, 
610140570L, 590629328L, 876567996L, -1675188076L, -509608830L, 
970245568L, 940049212L, 23278736L, -1437916382L, 595209736L, 
1119366412L, 750359964L, -371286510L, 853232512L, 649339668L, 
792318248L, 126250042L, 1718315984L, 988725868L, -1359103436L, 
205462162L, -178479776L, -1736685236L, -556574752L, -1724082782L, 
-1416266328L, 1209149068L, -1742619204L, -1180520846L, -172508176L, 
-262392252L, -416516008L, 52418618L, 1964615792L, 483555388L, 
1188100372L, 969507522L, 1701088992L, 658794620L, 446552081L, 
603515139L, 1595671556L, 339684402L, -1515600761L, -2095083311L, 
1311318L, -2019349964L, -1958489787L, 1836100495L, 2040123144L, 
-523896538L, -1013323309L, 502793013L, -827157870L, 950945376L, 
640024521L, 831467259L, -220204852L, 1203071322L, -1583299505L, 
847513881L, 851374894L, 1908874556L, -1062745427L, 2035549527L, 
934655136L, 290406910L, 1863593163L, -737711411L, 1473070586L, 
1367451192L, 503213025L, 1586410643L, -1644532044L, -363342910L, 
1614112727L, 1755392033L, 767107046L, -1849443612L, -1890578923L, 
920098367L, 1545881048L, 1320233974L, 461530115L, -1457387707L, 
-2081025182L, 1667218640L, -539858951L, 1857121067L, -1805672292L, 
-2136670518L, 732260287L, 1393230601L, 230259742L, -1297906228L, 
790007709L, 1614027303L, 1326954576L, 1773363438L, 1992584603L, 
-2068065283L, 2134683370L, -257459832L, 1785927473L, 1101383587L, 
2078871460L, -1865274798L, 119325095L, -816056847L, 131268918L, 
1886968276L, 2006544229L, -208085137L, -903880280L, -714639610L, 
69841459L, 877949077L, 365498610L, 146147648L, -1787578711L, 
-1917317349L, -212756244L, 1011741946L, -224805585L, -995825351L, 
1640520526L, 1095934364L, 1330019085L, 1087212919L, -1139996288L, 
123686878L, 1364998315L, -586585171L, -1009922022L, 512444120L, 
-2128394431L, -1056393229L, -866764268L, 404726690L, 1808080055L, 
-681052543L, -1377497466L, -273713468L, -2139310091L, -720118177L, 
650393784L, 1104133526L, -1508708445L, 343270245L, 660800130L, 
1026772976L, 187931033L, -317728885L, -1448648068L, 693924010L, 
1989202655L, 1579475049L, -1994777986L, -1336679828L, 340008637L, 
486105991L, -460257424L, 444296718L, -96210117L, -625168355L, 
1932617930L, 1656353768L, -1459355439L, -466805565L, -988830780L, 
1888307314L, -745399993L, 758580497L, -1860157290L, 603653620L, 
-784099451L, -428292401L, -1495575608L, 551518822L, 1498963091L, 
647394293L, -831236654L, -1600248288L, -1689352183L, -1728320197L, 
32039052L, -748204774L, 1100972943L, 551992537L, -1121135762L, 
